{
 "cells": [
  {
   "cell_type": "code",
   "execution_count": 1,
   "metadata": {},
   "outputs": [],
   "source": [
    "import numpy as np\n",
    "\n",
    "M1 = np.array([[23,50],[7,12]])\n",
    "\n",
    "M2 = np.array([[56,67],[99,43]])\n",
    "\n",
    "M3 = np.array([[75,21],[57,12]])\n",
    "\n",
    "M4 = np.array([[87,26],[18,84]])"
   ]
  },
  {
   "cell_type": "code",
   "execution_count": 2,
   "metadata": {},
   "outputs": [
    {
     "data": {
      "text/plain": [
       "array([[[[23, 50],\n",
       "         [ 7, 12]],\n",
       "\n",
       "        [[56, 67],\n",
       "         [99, 43]]],\n",
       "\n",
       "\n",
       "       [[[75, 21],\n",
       "         [57, 12]],\n",
       "\n",
       "        [[87, 26],\n",
       "         [18, 84]]]])"
      ]
     },
     "execution_count": 2,
     "metadata": {},
     "output_type": "execute_result"
    }
   ],
   "source": [
    "tensor = np.array([[M1,M2],[M3,M4]])\n",
    "tensor"
   ]
  },
  {
   "cell_type": "code",
   "execution_count": 3,
   "metadata": {},
   "outputs": [],
   "source": [
    "A = np.array([[23,50,19],[7,12,109],[57,67,98]])\n",
    "\n",
    "B = np.array([17,22,19])"
   ]
  },
  {
   "cell_type": "code",
   "execution_count": 4,
   "metadata": {},
   "outputs": [
    {
     "data": {
      "text/plain": [
       "array([[ 391, 1100,  361],\n",
       "       [ 119,  264, 2071],\n",
       "       [ 969, 1474, 1862]])"
      ]
     },
     "execution_count": 4,
     "metadata": {},
     "output_type": "execute_result"
    }
   ],
   "source": [
    "A * B"
   ]
  },
  {
   "cell_type": "code",
   "execution_count": 5,
   "metadata": {},
   "outputs": [
    {
     "data": {
      "text/plain": [
       "array([1852, 2454, 4305])"
      ]
     },
     "execution_count": 5,
     "metadata": {},
     "output_type": "execute_result"
    }
   ],
   "source": [
    "A @ B"
   ]
  },
  {
   "cell_type": "code",
   "execution_count": 6,
   "metadata": {},
   "outputs": [
    {
     "data": {
      "text/plain": [
       "array([[ 23,   7,  57],\n",
       "       [ 50,  12,  67],\n",
       "       [ 19, 109,  98]])"
      ]
     },
     "execution_count": 6,
     "metadata": {},
     "output_type": "execute_result"
    }
   ],
   "source": [
    "A.T"
   ]
  },
  {
   "cell_type": "code",
   "execution_count": 11,
   "metadata": {},
   "outputs": [
    {
     "data": {
      "text/plain": [
       "131344.0000000002"
      ]
     },
     "execution_count": 11,
     "metadata": {},
     "output_type": "execute_result"
    }
   ],
   "source": [
    "np.linalg.det(A)"
   ]
  },
  {
   "cell_type": "code",
   "execution_count": 12,
   "metadata": {},
   "outputs": [
    {
     "data": {
      "text/plain": [
       "array([[-0.0466485 , -0.02761451,  0.03975819],\n",
       "       [ 0.04208034,  0.00891552, -0.01807467],\n",
       "       [-0.00163692,  0.0099662 , -0.00056341]])"
      ]
     },
     "execution_count": 12,
     "metadata": {},
     "output_type": "execute_result"
    }
   ],
   "source": [
    "np.linalg.inv(A)"
   ]
  }
 ],
 "metadata": {
  "kernelspec": {
   "display_name": "Python 3.9.12 ('base')",
   "language": "python",
   "name": "python3"
  },
  "language_info": {
   "codemirror_mode": {
    "name": "ipython",
    "version": 3
   },
   "file_extension": ".py",
   "mimetype": "text/x-python",
   "name": "python",
   "nbconvert_exporter": "python",
   "pygments_lexer": "ipython3",
   "version": "3.9.12"
  },
  "orig_nbformat": 4,
  "vscode": {
   "interpreter": {
    "hash": "f1afcb149df17e101497bf3db9a7e7a33fd697b87a8719fddc600c709fe6bd2a"
   }
  }
 },
 "nbformat": 4,
 "nbformat_minor": 2
}
